<?xml version="1.0"?>
<opencv_storage>
<distortions_mid type_id="opencv-matrix">
  <rows>1</rows>
  <cols>5</cols>
  <dt>d</dt>
  <data>
    -3.5422999999999999e-001 1.7788000000000001e-001
    1.3200000000000000e-003 -6.2000000000000000e-004 0.</data></distortions_mid>
</opencv_storage>
