<?xml version="1.0"?>
<opencv_storage>
<distortions_left type_id="opencv-matrix">
  <rows>1</rows>
  <cols>5</cols>
  <dt>d</dt>
  <data>
    -3.5210000000000002e-001 1.7679000000000000e-001
    4.0000000000000003e-005 -2.1099999999999999e-003 0.</data></distortions_left>
</opencv_storage>
