<?xml version="1.0"?>
<opencv_storage>
<intrinsic_left2 type_id="opencv-matrix">
  <rows>3</rows>
  <cols>3</cols>
  <dt>d</dt>
  <data>
    1.0405653600000001e+003 0. 6.4750527999999997e+002 0.
    1.0331492900000001e+003 4.7569108000000000e+002 0. 0. 1.</data></intrinsic_left2>
</opencv_storage>
