<?xml version="1.0"?>
<opencv_storage>
<intrinsic_mid type_id="opencv-matrix">
  <rows>3</rows>
  <cols>3</cols>
  <dt>d</dt>
  <data>
    1.0427691199999999e+003 0. 6.4051774999999998e+002 0.
    1.0426982700000001e+003 4.9895461000000000e+002 0. 0. 1.</data></intrinsic_mid>
</opencv_storage>
