<?xml version="1.0"?>
<opencv_storage>
<intrinsic_right2 type_id="opencv-matrix">
  <rows>3</rows>
  <cols>3</cols>
  <dt>d</dt>
  <data>
    1.0573008000000000e+003 0. 6.4954458999999997e+002 0.
    1.0628614800000000e+003 4.9323338999999999e+002 0. 0. 1.</data></intrinsic_right2>
</opencv_storage>
