<?xml version="1.0"?>
<opencv_storage>
<intrinsic_left type_id="opencv-matrix">
  <rows>3</rows>
  <cols>3</cols>
  <dt>d</dt>
  <data>
    1.0504036100000001e+003 0. 6.4494356000000005e+002 0.
    1.0452603799999999e+003 4.8422478000000001e+002 0. 0. 1.</data></intrinsic_left>
</opencv_storage>
