<?xml version="1.0"?>
<opencv_storage>
<om type_id="opencv-matrix">
  <rows>3</rows>
  <cols>1</cols>
  <dt>d</dt>
  <data>
    1.7330000000000002e-002 6.1999999999999998e-003
    1.0000000000000001e-005</data></om>
</opencv_storage>
