<?xml version="1.0"?>
<opencv_storage>
<om2 type_id="opencv-matrix">
  <rows>3</rows>
  <cols>1</cols>
  <dt>d</dt>
  <data>
    2.9190000000000001e-002 2.5970000000000000e-002
    2.0100000000000001e-003</data></om2>
</opencv_storage>
