<?xml version="1.0"?>
<opencv_storage>
<translation type_id="opencv-matrix">
  <rows>3</rows>
  <cols>1</cols>
  <dt>d</dt>
  <data>
    -1.2010632000000000e+002 -6.7625000000000002e-001
    1.6600100000000000e+000</data></translation>
</opencv_storage>
