<?xml version="1.0"?>
<opencv_storage>
<translation2 type_id="opencv-matrix">
  <rows>3</rows>
  <cols>1</cols>
  <dt>d</dt>
  <data>
    -2.3995927000000000e+002 -2.5477400000000001e+000
    1.9249459999999999e+001</data></translation2>
</opencv_storage>
